{'viewQuat_XYZW': [0.0033115048427134752, -0.0081688417121768, 0.0024621449410915375, 0.9999580979347229], 'ballTTC': 1.9, 'rightEyeInHead_XYZ': [0.102342, 0.086259, 0.990739], 'rightEyeMat_4x4': [0.9999303817749023, 0.006659064441919327, 0.009738676249980927, 0.0, -0.0066824923269450665, 0.9999748468399048, 0.0023751012049615383, 0.0, -0.009722614660859108, -0.002440014388412237, 0.9999497532844543, 0.0, -0.887398898601532, 1.579961895942688, -0.23686952888965607, 1.0], 'leftEyeMat_4x4': [0.9999303817749023, 0.006659064441919327, 0.009738676249980927, 0.0, -0.0066824923269450665, 0.9999748468399048, 0.0023751012049615383, 0.0, -0.009722614660859108, -0.002440014388412237, 0.9999497532844543, 0.0, -0.9473946690559387, 1.5795623064041138, -0.2374538630247116, 1.0], 'leftEyeLensDistance': 24.4266, 'paddleMat_4x4': [-0.4078892767429352, 0.9057630300521851, -0.11497694998979568, 0.0, -0.6887796521186829, -0.38792043924331665, -0.612454354763031, 0.0, -0.5993403792381287, -0.17061978578567505, 0.782099723815918, 0.0, -0.23402883112430573, 1.3143965005874634, 0.09276706725358963, 1.0], 'paddleQuat_XYZW': [-0.22244741933417786, -0.2438591470914654, 0.8027934724052092, 0.49656067370964285], 'trialNumber': 0, 'trialType': 't8', 'leftEyeOnScreen_XY': [-156.102, 673.762], 'inCalibrationQ': False, 'calibrationCounter': 0, 'ballInitialPos_XYZ': [-5.22467642755099, 2.1751887456644994, 20.0], 'cycEyeNodeInWorld_XYZ': [-0.9184043407440186, 1.57901930809021, -0.23688983917236328], 'cycInverseMat_4x4': [0.9998543859996333, -0.0049781860580508114, -0.01632069313836188, 0.0, 0.0048699810912443894, 0.999965921360637, -0.006662958259208377, 0.0, 0.01635330546377208, 0.006582506644968861, 0.9998446051371197, 0.0, 0.914454745942149, -1.58197815600493, 0.23238497202635386, 1.0], 'ballPos_XYZ': [-5.188103199005127, 2.292494773864746, 19.85980987548828], 'isBallVisibleQ': True, 'rightEyeOnScreen_XY': [878.146, 511.978], 'cycGazeNodeInWorld_XYZ': [-1.33755624294281, 1.4782904386520386, 0.6645969152450562], 'cycEyeBasePoint_XYZ': [-1.99312, 1.14729, -24.5697], 'eyeTimeStamp': 58687864160L, 'rightEyeNodeInHead_XYZ': [0.029999999329447746, 0.0, 0.0], 'eventFlag': 'trialStart', 'leftEyeInHead_XYZ': [0.698694, -0.276471, 0.653543], 'viewPos_XYZ': [-0.9184043407440186, 1.57901930809021, -0.23688983917236328], 'IOD': 64.3392, 'rightGazeNodeInWorld_XYZ': [-0.9999427795410156, 1.6631197929382324, 0.7530278563499451], 'cycEyeInHead_XYZ': [0.412024, -0.0965196, 0.906046], 'preBlankDur': 1.0, 'leftEyeScreenDistance': 73.1696, 'rightEyeInverseMat_4x4': [0.999930428430892, -0.006682492568237679, -0.009722615648345055, 0.0, 0.006659064571374558, 0.9999748557168956, -0.0024400145614503705, 0.0, 0.00973867579314121, 0.0023751010768128457, 0.9999497612751325, 0.0, 0.8791228881294683, -1.5852896164053192, 0.23208492048133414, 1.0], 'viewMat_4x4': [0.9998544454574585, 0.0048699816688895226, 0.01635330729186535, 0.0, -0.00497818598523736, 0.9999659657478333, 0.006582506932318211, 0.0, -0.016320692375302315, -0.006662958301603794, 0.9998446106910706, 0.0, -0.9184043407440186, 1.57901930809021, -0.23688983917236328, 1.0], 'rightEyeNodeInWorld_XYZ': [-0.887398898601532, 1.579961895942688, -0.23686952888965607], 'ballFinalPos_XYZ': [-0.006312151526425749, 1.3589397438690378, 0.0], 'rightPupilPos_XYZ': [-32.2925, 0.605226, -16.1859], 'rightEyeScreenDistance': 75.2, 'blockNumber': 0, 'calibrationPos_XYZ': [nan, nan, nan], 'leftEyeBasePoint_XYZ': [30.8704, 2.00879, -24.161], 'blankDur': 0.5, 'leftEyeInverseMat_4x4': [0.999930428430892, -0.006682492568237679, -0.009722615648345055, 0.0, 0.006659064571374558, 0.9999748557168956, -0.0024400145614503705, 0.0, 0.00973867579314121, 0.0023751010768128457, 0.9999497612751325, 0.0, 0.9391228361172202, -1.5852895703516914, 0.23208493443924058, 1.0], 'rightPupilRadius': 1.98603, 'ballInitialVel_XYZ': [2.7465075136971393, 8.880395262212915, -10.526315789473685], 'cycEyeOnScreen_XY': [361.022, 592.87], 'leftPupilPos_XYZ': [0.0, 0.0, 0.0], 'ballVel_XYZ': [2.746507406234741, 8.749884605407715, -10.526315689086914], 'postBlankDur': 0.4, 'rightEyeLensDistance': 26.5653, 'isCalibratedSMIQ': False, 'ballMat_4x4': [1.0, 0.0, -0.0, 0.0, 0.0, 1.0, -0.0, 0.0, -0.0, -0.0, 1.0, 0.0, -5.188103199005127, 2.292494773864746, 19.85980987548828, 1.0], 'IPD': 36.127, 'paddlePos_XYZ': [-0.23402883112430573, 1.3143965005874634, 0.09276706725358963], 'frameTime': 47.82845199185605, 'cycMat_4x4': [0.9998544454574585, 0.0048699816688895226, 0.01635330729186535, 0.0, -0.00497818598523736, 0.9999659657478333, 0.006582506932318211, 0.0, -0.016320692375302315, -0.006662958301603794, 0.9998446106910706, 0.0, -0.9184043407440186, 1.57901930809021, -0.23688983917236328, 1.0], 'rightEyeBasePoint_XYZ': [-33.4022, -0.0396883, -26.132], 'leftPupilRadius': 0.0, 'leftEyeNodeInHead_XYZ': [-0.029999999329447746, 0.0, 0.0], 'leftGazeNodeInWorld_XYZ': [-1.650546669960022, 1.2968510389328003, 0.4085952937602997], 'leftEyeNodeInWorld_XYZ': [-0.9473946690559387, 1.5795623064041138, -0.2374538630247116]}
{'viewQuat_XYZW': [0.0012038005515933037, -0.00486541073769331, 0.0033354496117681265, 0.9999818801879883], 'ballTTC': 1.9, 'rightEyeInHead_XYZ': [0.125959, 0.0845119, 0.988099], 'rightEyeMat_4x4': [0.9999567866325378, 0.007865206338465214, 0.004952181596308947, 0.0, -0.007855844683945179, 0.9999673366546631, -0.0019070138223469257, 0.0, -0.004967018961906433, 0.0018680279608815908, 0.999985933303833, 0.0, -0.8863901495933533, 1.5806535482406616, -0.23732201755046844, 1.0], 'leftEyeMat_4x4': [0.9999567866325378, 0.007865206338465214, 0.004952181596308947, 0.0, -0.007855844683945179, 0.9999673366546631, -0.0019070138223469257, 0.0, -0.004967018961906433, 0.0018680279608815908, 0.999985933303833, 0.0, -0.9463875889778137, 1.5801817178726196, -0.23761914670467377, 1.0], 'leftEyeLensDistance': 24.3257, 'paddleMat_4x4': [-0.4080098867416382, 0.9058138728141785, -0.11414545029401779, 0.0, -0.689637303352356, -0.3877095878124237, -0.611622154712677, 0.0, -0.5982711315155029, -0.1708289384841919, 0.7828723788261414, 0.0, -0.2330535352230072, 1.3150185346603394, 0.0932299867272377, 1.0], 'paddleQuat_XYZW': [-0.2218261339199533, -0.24363288241483386, 0.8028997199362465, 0.4967778423426952], 'trialNumber': 0, 'trialType': 't8', 'leftEyeOnScreen_XY': [200.38, 600.233], 'inCalibrationQ': False, 'calibrationCounter': 0, 'ballInitialPos_XYZ': [-5.22467642755099, 2.1751887456644994, 20.0], 'cycEyeNodeInWorld_XYZ': [-0.9173967838287354, 1.5797621011734009, -0.23716169595718384], 'cycInverseMat_4x4': [0.9999304284308917, -0.006682492565977707, -0.009722615649906388, 0.0, 0.006659064573645745, 0.9999748557180165, -0.0024400143286386635, 0.0, 0.009738675791596237, 0.0023751008440010654, 0.9999497612762533, 0.0, 0.9091228621193898, -1.585289593433417, 0.23208492709133371, 1.0], 'ballPos_XYZ': [-5.151439189910889, 2.408334732055664, 19.719295501708984], 'isBallVisibleQ': True, 'rightEyeOnScreen_XY': [853.891, 512.458], 'cycGazeNodeInWorld_XYZ': [-1.1995391845703125, 1.6288024187088013, 0.7203841209411621], 'cycEyeBasePoint_XYZ': [-1.93641, 1.13405, -24.6476], 'eyeTimeStamp': 58721120843L, 'rightEyeNodeInHead_XYZ': [0.029999999329447746, 0.0, 0.0], 'eventFlag': False, 'leftEyeInHead_XYZ': [0.546368, -0.130851, 0.795308], 'viewPos_XYZ': [-0.9173967838287354, 1.5797621011734009, -0.23716169595718384], 'IOD': 64.2159, 'rightGazeNodeInWorld_XYZ': [-1.0179154872894287, 1.666017770767212, 0.7499781250953674], 'cycEyeInHead_XYZ': [0.278014, 0.0487809, 0.959338], 'preBlankDur': 1.0, 'leftEyeScreenDistance': 73.0655, 'rightEyeInverseMat_4x4': [0.9999568259280067, -0.007855844833531753, -0.004967018864693166, 0.0, 0.007865206298140668, 0.9999673112789632, 0.001868027831603187, 0.0, 0.0049521817510252055, -0.0019070138530710929, 0.9999859056928004, 0.0, 0.8750949760428497, -1.5880177985500512, 0.2299632512463036, 1.0], 'viewMat_4x4': [0.9999303817749023, 0.006659064441919327, 0.009738676249980927, 0.0, -0.0066824923269450665, 0.9999748468399048, 0.0023751009721308947, 0.0, -0.009722614660859108, -0.0024400141555815935, 0.9999497532844543, 0.0, -0.9173967838287354, 1.5797621011734009, -0.23716169595718384, 1.0], 'rightEyeNodeInWorld_XYZ': [-0.8863901495933533, 1.5806535482406616, -0.23732201755046844], 'ballFinalPos_XYZ': [-0.006312151526425749, 1.3589397438690378, 0.0], 'rightPupilPos_XYZ': [-32.0426, 0.635421, -16.2171], 'rightEyeScreenDistance': 75.1995, 'blockNumber': 0, 'calibrationPos_XYZ': [nan, nan, nan], 'leftEyeBasePoint_XYZ': [30.7383, 2.0279, -24.0554], 'blankDur': 0.5, 'leftEyeInverseMat_4x4': [0.9999568259280067, -0.007855844833531753, -0.004967018864693166, 0.0, 0.007865206298140668, 0.9999673112789632, 0.001868027831603187, 0.0, 0.0049521817510252055, -0.0019070138530710929, 0.9999859056928004, 0.0, 0.9350950075743003, -1.5880178808091674, 0.22996324919168273, 1.0], 'rightPupilRadius': 1.91341, 'ballInitialVel_XYZ': [2.7465075136971393, 8.880395262212915, -10.526315789473685], 'cycEyeOnScreen_XY': [527.136, 556.346], 'leftPupilPos_XYZ': [33.7499, 2.17752, -13.8954], 'ballVel_XYZ': [2.746507406234741, 8.61906909942627, -10.526315689086914], 'postBlankDur': 0.4, 'rightEyeLensDistance': 26.5641, 'isCalibratedSMIQ': False, 'ballMat_4x4': [1.0, 0.0, -0.0, 0.0, 0.0, 1.0, -0.0, 0.0, -0.0, -0.0, 1.0, 0.0, -5.151439189910889, 2.408334732055664, 19.719295501708984, 1.0], 'IPD': 65.8515, 'paddlePos_XYZ': [-0.2330535352230072, 1.3150185346603394, 0.0932299867272377], 'frameTime': 47.8418008012213, 'cycMat_4x4': [0.9999303817749023, 0.006659064441919327, 0.009738676249980927, 0.0, -0.0066824923269450665, 0.9999748468399048, 0.0023751009721308947, 0.0, -0.009722614660859108, -0.0024400141555815935, 0.9999497532844543, 0.0, -0.9173967838287354, 1.5797621011734009, -0.23716169595718384, 1.0], 'rightEyeBasePoint_XYZ': [-33.4068, -0.0273292, -26.1317], 'leftPupilRadius': 2.26286, 'leftEyeNodeInHead_XYZ': [-0.029999999329447746, 0.0, 0.0], 'leftGazeNodeInWorld_XYZ': [-1.4956543445587158, 1.4465233087539673, 0.5552214980125427], 'leftEyeNodeInWorld_XYZ': [-0.9463875889778137, 1.5801817178726196, -0.23761914670467377]}
{'viewQuat_XYZW': [-0.0009437710396014154, -0.0024798281956464052, 0.003930306993424892, 0.9999887347221375], 'ballTTC': 1.9, 'rightEyeInHead_XYZ': [0.136826, 0.0652628, 0.988031], 'rightEyeMat_4x4': [0.9999608397483826, 0.008584817871451378, 0.002158472780138254, 0.0, -0.008570671081542969, 0.9999423027038574, -0.00647979648783803, 0.0, -0.002213976113125682, 0.006461043376475573, 0.9999766945838928, 0.0, -0.8852302432060242, 1.5817468166351318, -0.2383882850408554, 1.0], 'leftEyeMat_4x4': [0.9999608397483826, 0.008584817871451378, 0.002158472780138254, 0.0, -0.008570671081542969, 0.9999423027038574, -0.00647979648783803, 0.0, -0.002213976113125682, 0.006461043376475573, 0.9999766945838928, 0.0, -0.9452279210090637, 1.5812318325042725, -0.23851780593395233, 1.0], 'leftEyeLensDistance': 24.2768, 'paddleMat_4x4': [-0.4099615514278412, 0.9053598642349243, -0.11070238798856735, 0.0, -0.6923372149467468, -0.3878985643386841, -0.6084438562393188, 0.0, -0.5938019752502441, -0.17279519140720367, 0.7858378291130066, 0.0, -0.23169724643230438, 1.315995693206787, 0.09423921257257462, 1.0], 'paddleQuat_XYZW': [-0.21914562624497452, -0.24301499662353926, 0.8036942702226941, 0.4969853377364067], 'trialNumber': 0, 'trialType': 't8', 'leftEyeOnScreen_XY': [-103.165, 675.779], 'inCalibrationQ': False, 'calibrationCounter': 0, 'ballInitialPos_XYZ': [-5.22467642755099, 2.1751887456644994, 20.0], 'cycEyeNodeInWorld_XYZ': [-0.9163888692855835, 1.5804176330566406, -0.2374705821275711], 'cycInverseMat_4x4': [0.9999568259233876, -0.007855844832625596, -0.0049670193303162965, 0.0, 0.007865206298992358, 0.9999673112789632, 0.0018680278279363956, 0.0, 0.004952182216648404, -0.0019070138567248063, 0.9999859056881812, 0.0, 0.9050949919135678, -1.5880178396796467, 0.22996324979699945, 1.0], 'ballPos_XYZ': [-5.1147990226745605, 2.5223541259765625, 19.578876495361328], 'isBallVisibleQ': True, 'rightEyeOnScreen_XY': [842.875, 518.66], 'cycGazeNodeInWorld_XYZ': [-1.4146387577056885, 1.3952088356018066, 0.607649564743042], 'cycEyeBasePoint_XYZ': [-1.94972, 1.30882, -24.5694], 'eyeTimeStamp': 58737777287L, 'rightEyeNodeInHead_XYZ': [0.029999999329447746, 0.0, 0.0], 'eventFlag': False, 'leftEyeInHead_XYZ': [0.644151, -0.253024, 0.675486], 'viewPos_XYZ': [-0.9163888692855835, 1.5804176330566406, -0.2374705821275711], 'IOD': 64.1619, 'rightGazeNodeInWorld_XYZ': [-1.0247976779937744, 1.6522150039672852, 0.7489014863967896], 'cycEyeInHead_XYZ': [0.499163, -0.187472, 0.845985], 'preBlankDur': 1.0, 'leftEyeScreenDistance': 73.0152, 'rightEyeInverseMat_4x4': [0.9999608006223096, -0.008570671261698233, -0.0022139759725197687, 0.0, 0.008584816901479072, 0.9999422497970107, 0.0064610427619612686, 0.0, 0.002158472756366012, -0.006479796525710233, 0.9999766581046541, 0.0, 0.8721310905447653, -1.5907871954220034, 0.22620310829697263, 1.0], 'viewMat_4x4': [0.9999567866325378, 0.007865206338465214, 0.004952182061970234, 0.0, -0.007855844683945179, 0.9999673366546631, -0.0019070138223469257, 0.0, -0.00496701942756772, 0.0018680279608815908, 0.999985933303833, 0.0, -0.9163888692855835, 1.5804176330566406, -0.2374705821275711, 1.0], 'rightEyeNodeInWorld_XYZ': [-0.8852302432060242, 1.5817468166351318, -0.2383882850408554], 'ballFinalPos_XYZ': [-0.006312151526425749, 1.3589397438690378, 0.0], 'rightPupilPos_XYZ': [-31.976, 0.358543, -16.1918], 'rightEyeScreenDistance': 75.1978, 'blockNumber': 0, 'calibrationPos_XYZ': [nan, nan, nan], 'leftEyeBasePoint_XYZ': [30.6793, 2.05244, -24.0045], 'blankDur': 0.5, 'leftEyeInverseMat_4x4': [0.9999608006223096, -0.008570671261698233, -0.0022139759725197687, 0.0, 0.008584816901479072, 0.9999422497970107, 0.0064610427619612686, 0.0, 0.002158472756366012, -0.006479796525710233, 0.9999766581046541, 0.0, 0.9321311170879618, -1.5907873006735302, 0.2262031200842347, 1.0], 'rightPupilRadius': 1.9633, 'ballInitialVel_XYZ': [2.7465075136971393, 8.880395262212915, -10.526315789473685], 'cycEyeOnScreen_XY': [369.855, 597.22], 'leftPupilPos_XYZ': [35.925, -0.260788, -15.7088], 'ballVel_XYZ': [2.746507406234741, 8.4883394241333, -10.526315689086914], 'postBlankDur': 0.4, 'rightEyeLensDistance': 26.5621, 'isCalibratedSMIQ': False, 'ballMat_4x4': [1.0, 0.0, -0.0, 0.0, 0.0, 1.0, -0.0, 0.0, -0.0, -0.0, 1.0, 0.0, -5.1147990226745605, 2.5223541259765625, 19.578876495361328, 1.0], 'IPD': 67.9055, 'paddlePos_XYZ': [-0.23169724643230438, 1.315995693206787, 0.09423921257257462], 'frameTime': 47.855140828475115, 'cycMat_4x4': [0.9999567866325378, 0.007865206338465214, 0.004952182061970234, 0.0, -0.007855844683945179, 0.9999673366546631, -0.0019070138223469257, 0.0, -0.00496701942756772, 0.0018680279608815908, 0.999985933303833, 0.0, -0.9163888692855835, 1.5804176330566406, -0.2374705821275711, 1.0], 'rightEyeBasePoint_XYZ': [-33.4093, -0.0210156, -26.1302], 'leftPupilRadius': 3.56636, 'leftEyeNodeInHead_XYZ': [-0.029999999329447746, 0.0, 0.0], 'leftGazeNodeInWorld_XYZ': [-1.5886805057525635, 1.3270567655563354, 0.4372016489505768], 'leftEyeNodeInWorld_XYZ': [-0.9452279210090637, 1.5812318325042725, -0.23851780593395233]}
{'viewQuat_XYZW': [-0.0032352590933442116, -0.0010931285796687007, 0.004288936499506235, 0.9999849796295166], 'ballTTC': 1.9, 'rightEyeInHead_XYZ': [0.136826, 0.0652628, 0.988031], 'rightEyeMat_4x4': [0.9999666213989258, 0.00813748687505722, 0.0007020730990916491, 0.0, -0.008128735236823559, 0.9998987317085266, -0.011679030954837799, 0.0, -0.0007970400038175285, 0.011672934517264366, 0.9999315738677979, 0.0, -0.8837485909461975, 1.5823583602905273, -0.23880669474601746, 1.0], 'leftEyeMat_4x4': [0.9999666213989258, 0.00813748687505722, 0.0007020730990916491, 0.0, -0.008128735236823559, 0.9998987317085266, -0.011679030954837799, 0.0, -0.0007970400038175285, 0.011672934517264366, 0.9999315738677979, 0.0, -0.9437466263771057, 1.5818700790405273, -0.23884880542755127, 1.0], 'leftEyeLensDistance': 24.2768, 'paddleMat_4x4': [-0.4108533561229706, 0.9053840041160583, -0.10714170336723328, 0.0, -0.6931977272033691, -0.38655319809913635, -0.6083202362060547, 0.0, -0.5921793580055237, -0.17566002905368805, 0.7864267826080322, 0.0, -0.23043425381183624, 1.3172688484191895, 0.09526657313108444, 1.0], 'paddleQuat_XYZW': [-0.21752760238541077, -0.2438613030005274, 0.8037153369323068, 0.4972474879565792], 'trialNumber': 0, 'trialType': 't8', 'leftEyeOnScreen_XY': [-103.165, 675.779], 'inCalibrationQ': False, 'calibrationCounter': 0, 'ballInitialPos_XYZ': [-5.22467642755099, 2.1751887456644994, 20.0], 'cycEyeNodeInWorld_XYZ': [-0.915229082107544, 1.5814893245697021, -0.23845304548740387], 'cycInverseMat_4x4': [0.9999608006223101, -0.008570671259584705, -0.00221397598048832, 0.0, 0.008584816903437532, 0.9999422497849593, 0.0064610436931694425, 0.0, 0.0021584727483579392, -0.006479797456918181, 0.9999766580926023, 0.0, 0.9021311038113571, -1.5907872482488226, 0.22620311270774104, 1.0], 'ballPos_XYZ': [-5.078287601470947, 2.6342437267303467, 19.438934326171875], 'isBallVisibleQ': True, 'rightEyeOnScreen_XY': [842.875, 518.66], 'cycGazeNodeInWorld_XYZ': [-1.4120442867279053, 1.4004744291305542, 0.6089383959770203], 'cycEyeBasePoint_XYZ': [-1.94972, 1.30882, -24.5694], 'eyeTimeStamp': 58737777287L, 'rightEyeNodeInHead_XYZ': [0.029999999329447746, 0.0, 0.0], 'eventFlag': False, 'leftEyeInHead_XYZ': [0.644151, -0.253024, 0.675486], 'viewPos_XYZ': [-0.915229082107544, 1.5814893245697021, -0.23845304548740387], 'IOD': 64.1619, 'rightGazeNodeInWorld_XYZ': [-1.021888017654419, 1.658034324645996, 0.7482984662055969], 'cycEyeInHead_XYZ': [0.499163, -0.187472, 0.845985], 'preBlankDur': 1.0, 'leftEyeScreenDistance': 73.0152, 'rightEyeInverseMat_4x4': [0.9999666658809979, -0.008128735006687064, -0.0007970399822333823, 0.0, 0.008137487875700197, 0.9998987819410684, 0.011672934448418389, 0.0, 0.0007020731122307037, -0.01167903108339616, 0.9999315287747899, 0.0, 0.8710103697530239, -1.5921709859679611, 0.21961519498423515, 1.0], 'viewMat_4x4': [0.9999608397483826, 0.008584817871451378, 0.002158472780138254, 0.0, -0.008570671081542969, 0.9999423027038574, -0.0064797974191606045, 0.0, -0.002213976113125682, 0.006461044307798147, 0.9999766945838928, 0.0, -0.915229082107544, 1.5814893245697021, -0.23845304548740387, 1.0], 'rightEyeNodeInWorld_XYZ': [-0.8837485909461975, 1.5823583602905273, -0.23880669474601746], 'ballFinalPos_XYZ': [-0.006312151526425749, 1.3589397438690378, 0.0], 'rightPupilPos_XYZ': [-31.976, 0.358543, -16.1918], 'rightEyeScreenDistance': 75.1978, 'blockNumber': 0, 'calibrationPos_XYZ': [nan, nan, nan], 'leftEyeBasePoint_XYZ': [30.6793, 2.05244, -24.0045], 'blankDur': 0.5, 'leftEyeInverseMat_4x4': [0.9999666658809979, -0.008128735006687064, -0.0007970399822333823, 0.0, 0.008137487875700197, 0.9998987819410684, 0.011672934448418389, 0.0, 0.0007020731122307037, -0.01167903108339616, 0.9999315287747899, 0.0, 0.9310104081498082, -1.5921709540837399, 0.21961518162432875, 1.0], 'rightPupilRadius': 1.9633, 'ballInitialVel_XYZ': [2.7465075136971393, 8.880395262212915, -10.526315789473685], 'cycEyeOnScreen_XY': [369.855, 597.22], 'leftPupilPos_XYZ': [35.925, -0.260788, -15.7088], 'ballVel_XYZ': [2.746507406234741, 8.358057975769043, -10.526315689086914], 'postBlankDur': 0.4, 'rightEyeLensDistance': 26.5621, 'isCalibratedSMIQ': False, 'ballMat_4x4': [1.0, 0.0, -0.0, 0.0, 0.0, 1.0, -0.0, 0.0, -0.0, -0.0, 1.0, 0.0, -5.078287601470947, 2.6342437267303467, 19.438934326171875, 1.0], 'IPD': 67.9055, 'paddlePos_XYZ': [-0.23043425381183624, 1.3172688484191895, 0.09526657313108444], 'frameTime': 47.86843460327543, 'cycMat_4x4': [0.9999608397483826, 0.008584817871451378, 0.002158472780138254, 0.0, -0.008570671081542969, 0.9999423027038574, -0.0064797974191606045, 0.0, -0.002213976113125682, 0.006461044307798147, 0.9999766945838928, 0.0, -0.915229082107544, 1.5814893245697021, -0.23845304548740387, 1.0], 'rightEyeBasePoint_XYZ': [-33.4093, -0.0210156, -26.1302], 'leftPupilRadius': 3.56636, 'leftEyeNodeInHead_XYZ': [-0.029999999329447746, 0.0, 0.0], 'leftGazeNodeInWorld_XYZ': [-1.5863577127456665, 1.331514835357666, 0.43909382820129395], 'leftEyeNodeInWorld_XYZ': [-0.9437466263771057, 1.5818700790405273, -0.23884880542755127]}
{'viewQuat_XYZW': [-0.0058381399139761925, -0.00037478780723176897, 0.0040666586719453335, 0.9999746084213257], 'ballTTC': 1.9, 'rightEyeInHead_XYZ': [0.150794, 0.0648122, 0.986131], 'rightEyeMat_4x4': [0.9999783635139465, 0.006569875404238701, 0.0003662245289888233, 0.0, -0.006562403403222561, 0.9998232126235962, -0.01761949062347412, 0.0, -0.0004819176683668047, 0.01761670596897602, 0.9998446702957153, 0.0, -0.8831180930137634, 1.5831348896026611, -0.23929637670516968, 1.0], 'leftEyeMat_4x4': [0.9999783635139465, 0.006569875404238701, 0.0003662245289888233, 0.0, -0.006562403403222561, 0.9998232126235962, -0.01761949062347412, 0.0, -0.0004819176683668047, 0.01761670596897602, 0.9998446702957153, 0.0, -0.9431168437004089, 1.5827407836914062, -0.2393183410167694, 1.0], 'leftEyeLensDistance': 24.2269, 'paddleMat_4x4': [-0.411427766084671, 0.9052402377128601, -0.10614774376153946, 0.0, -0.6934419274330139, -0.3864709734916687, -0.6080941557884216, 0.0, -0.5914943218231201, -0.1765795350074768, 0.7867363691329956, 0.0, -0.22896380722522736, 1.3193848133087158, 0.09640730917453766, 1.0], 'paddleQuat_XYZW': [-0.21697167177775392, -0.244039134505422, 0.8038400206046912, 0.4972015846214299], 'trialNumber': 0, 'trialType': 't8', 'leftEyeOnScreen_XY': [-372.442, 771.579], 'inCalibrationQ': False, 'calibrationCounter': 0, 'ballInitialPos_XYZ': [-5.22467642755099, 2.1751887456644994, 20.0], 'cycEyeNodeInWorld_XYZ': [-0.9137476086616516, 1.5821142196655273, -0.23882775008678436], 'cycInverseMat_4x4': [0.9999666658809111, -0.008128735005176257, -0.0007970400479963716, 0.0, 0.00813748787694462, 0.9998987819193222, 0.01167293537898186, 0.0, 0.0007020731628466664, -0.011679032014906316, 0.9999315287529558, 0.0, 0.9010103889614564, -1.5921709702125355, 0.21961518676671887, 1.0], 'ballPos_XYZ': [-5.041575908660889, 2.74499773979187, 19.298229217529297], 'isBallVisibleQ': True, 'rightEyeOnScreen_XY': [828.4, 518.768], 'cycGazeNodeInWorld_XYZ': [-1.4369251728057861, 1.338269591331482, 0.5766351819038391], 'cycEyeBasePoint_XYZ': [-1.95481, 1.45298, -24.5289], 'eyeTimeStamp': 58754446904L, 'rightEyeNodeInHead_XYZ': [0.029999999329447746, 0.0, 0.0], 'eventFlag': False, 'leftEyeInHead_XYZ': [0.689616, -0.37156, 0.571975], 'viewPos_XYZ': [-0.9137476086616516, 1.5821142196655273, -0.23882775008678436], 'IOD': 64.1111, 'rightGazeNodeInWorld_XYZ': [-1.0348094701766968, 1.6643173694610596, 0.7454842925071716], 'cycEyeInHead_XYZ': [0.525105, -0.255564, 0.811758], 'preBlankDur': 1.0, 'leftEyeScreenDistance': 72.9643, 'rightEyeInverseMat_4x4': [0.9999783386340745, -0.006562403440167026, -0.0004819176580740854, 0.0, 0.006569875413690148, 0.9998232445245294, 0.017616706630333885, 0.0, 0.00036622455150734756, -0.01761949148830354, 0.9998447249999824, 0.0, 0.8727856006900758, -1.5928667195267212, 0.21094400685070844, 1.0], 'viewMat_4x4': [0.9999666213989258, 0.00813748687505722, 0.00070207315729931, 0.0, -0.008128735236823559, 0.9998987317085266, -0.011679031886160374, 0.0, -0.0007970400620251894, 0.01167293544858694, 0.9999315738677979, 0.0, -0.9137476086616516, 1.5821142196655273, -0.23882775008678436, 1.0], 'rightEyeNodeInWorld_XYZ': [-0.8831180930137634, 1.5831348896026611, -0.23929637670516968], 'ballFinalPos_XYZ': [-0.006312151526425749, 1.3589397438690378, 0.0], 'rightPupilPos_XYZ': [-31.8083, 0.458806, -16.2135], 'rightEyeScreenDistance': 75.1953, 'blockNumber': 0, 'calibrationPos_XYZ': [nan, nan, nan], 'leftEyeBasePoint_XYZ': [30.6229, 2.09033, -23.953], 'blankDur': 0.5, 'leftEyeInverseMat_4x4': [0.9999783386340745, -0.006562403440167026, -0.0004819176580740854, 0.0, 0.006569875413690148, 0.9998232445245294, 0.017616706630333885, 0.0, 0.00036622455150734756, -0.01761949148830354, 0.9998447249999824, 0.0, 0.9327856489924347, -1.5928668062837572, 0.21094399614260126, 1.0], 'rightPupilRadius': 1.98894, 'ballInitialVel_XYZ': [2.7465075136971393, 8.880395262212915, -10.526315789473685], 'cycEyeOnScreen_XY': [227.979, 645.174], 'leftPupilPos_XYZ': [0.0, 0.0, 0.0], 'ballVel_XYZ': [2.746507406234741, 8.227070808410645, -10.526315689086914], 'postBlankDur': 0.4, 'rightEyeLensDistance': 26.5593, 'isCalibratedSMIQ': False, 'ballMat_4x4': [1.0, 0.0, -0.0, 0.0, 0.0, 1.0, -0.0, 0.0, -0.0, -0.0, 1.0, 0.0, -5.041575908660889, 2.74499773979187, 19.298229217529297, 1.0], 'IPD': 35.7051, 'paddlePos_XYZ': [-0.22896380722522736, 1.3193848133087158, 0.09640730917453766], 'frameTime': 47.88180097686352, 'cycMat_4x4': [0.9999666213989258, 0.00813748687505722, 0.00070207315729931, 0.0, -0.008128735236823559, 0.9998987317085266, -0.011679031886160374, 0.0, -0.0007970400620251894, 0.01167293544858694, 0.9999315738677979, 0.0, -0.9137476086616516, 1.5821142196655273, -0.23882775008678436, 1.0], 'rightEyeBasePoint_XYZ': [-33.4119, -0.0151769, -26.1279], 'leftPupilRadius': 0.0, 'leftEyeNodeInHead_XYZ': [-0.029999999329447746, 0.0, 0.0], 'leftGazeNodeInWorld_XYZ': [-1.630555272102356, 1.2167919874191284, 0.33886197209358215], 'leftEyeNodeInWorld_XYZ': [-0.9431168437004089, 1.5827407836914062, -0.2393183410167694]}
{'viewQuat_XYZW': [-0.008809439837932587, -0.00021204490622039884, 0.0032832149881869555, 0.9999557733535767], 'ballTTC': 1.9, 'rightEyeInHead_XYZ': [0.158672, 0.0468579, 0.98587], 'rightEyeMat_4x4': [0.9999898672103882, 0.0045010303147137165, 9.307897562393919e-05, 0.0, -0.004497550427913666, 0.9997078776359558, -0.023747948929667473, 0.0, -0.00019994202011730522, 0.023747289553284645, 0.9997179508209229, 0.0, -0.8822599649429321, 1.5840526819229126, -0.23987534642219543, 1.0], 'leftEyeMat_4x4': [0.9999898672103882, 0.0045010303147137165, 9.307897562393919e-05, 0.0, -0.004497550427913666, 0.9997078776359558, -0.023747948929667473, 0.0, -0.00019994202011730522, 0.023747289553284645, 0.9997179508209229, 0.0, -0.9422593116760254, 1.5837825536727905, -0.23988091945648193, 1.0], 'leftEyeLensDistance': 24.1789, 'paddleMat_4x4': [-0.41346684098243713, 0.9040358662605286, -0.10846354812383652, 0.0, -0.6930779218673706, -0.38974031805992126, -0.6064202189445496, 0.0, -0.5904982686042786, -0.17556096613407135, 0.7877119779586792, 0.0, -0.22725826501846313, 1.3232824802398682, 0.09781333804130554, 1.0], 'paddleQuat_XYZW': [-0.21711834372346328, -0.2429066379456514, 0.8048166142459047, 0.4961110838254669], 'trialNumber': 0, 'trialType': 't8', 'leftEyeOnScreen_XY': [-655.856, 880.121], 'inCalibrationQ': False, 'calibrationCounter': 0, 'ballInitialPos_XYZ': [-5.22467642755099, 2.1751887456644994, 20.0], 'cycEyeNodeInWorld_XYZ': [-0.9131174683570862, 1.5829378366470337, -0.23930735886096954], 'cycInverseMat_4x4': [0.9999783386279855, -0.006562403905115888, -0.00048191764938289734, 0.0, 0.006569875879192754, 0.9998232444527944, 0.01761670849169572, 0.0, 0.00036622450195554636, -0.017619493349677925, 0.9998447249343857, 0.0, 0.9027856240869755, -1.5928667636616805, 0.21094399854247306, 1.0], 'ballPos_XYZ': [-5.005002498626709, 2.8535914421081543, 19.158058166503906], 'isBallVisibleQ': True, 'rightEyeOnScreen_XY': [820.363, 524.558], 'cycGazeNodeInWorld_XYZ': [-1.4492592811584473, 1.2711576223373413, 0.5435836315155029], 'cycEyeBasePoint_XYZ': [-1.94348, 1.5913, -24.5103], 'eyeTimeStamp': 58771051534L, 'rightEyeNodeInHead_XYZ': [0.029999999329447746, 0.0, 0.0], 'eventFlag': False, 'leftEyeInHead_XYZ': [0.709537, -0.466467, 0.481405], 'viewPos_XYZ': [-0.9131174683570862, 1.5829378366470337, -0.23930735886096954], 'IOD': 64.0636, 'rightGazeNodeInWorld_XYZ': [-1.0413382053375244, 1.6535943746566772, 0.74458909034729], 'cycEyeInHead_XYZ': [0.538329, -0.328859, 0.775921], 'preBlankDur': 1.0, 'leftEyeScreenDistance': 72.9153, 'rightEyeInverseMat_4x4': [0.9999898647501522, -0.004497550449576134, -0.0001999420241141671, 0.0, 0.0045010301305589955, 0.9997078439792618, 0.023747289775720232, 0.0, 9.307898070663083e-05, -0.023747948978502062, 0.9997179958968293, 0.0, 0.8751434815207706, -1.5932544475847292, 0.2020143416894391, 1.0], 'viewMat_4x4': [0.9999783635139465, 0.006569875869899988, 0.00036622449988499284, 0.0, -0.006562403868883848, 0.9998232126235962, -0.01761949248611927, 0.0, -0.00048191763926297426, 0.01761670783162117, 0.9998446702957153, 0.0, -0.9131174683570862, 1.5829378366470337, -0.23930735886096954, 1.0], 'rightEyeNodeInWorld_XYZ': [-0.8822599649429321, 1.5840526819229126, -0.23987534642219543], 'ballFinalPos_XYZ': [-0.006312151526425749, 1.3589397438690378, 0.0], 'rightPupilPos_XYZ': [-31.7837, 0.268797, -16.1884], 'rightEyeScreenDistance': 75.1915, 'blockNumber': 0, 'calibrationPos_XYZ': [nan, nan, nan], 'leftEyeBasePoint_XYZ': [30.5699, 2.13964, -23.9036], 'blankDur': 0.5, 'leftEyeInverseMat_4x4': [0.9999898647501522, -0.004497550449576134, -0.0001999420241141671, 0.0, 0.0045010301305589955, 0.9997078439792618, 0.023747289775720232, 0.0, 9.307898070663083e-05, -0.023747948978502062, 0.9997179958968293, 0.0, 0.9351434365196192, -1.5932543806912094, 0.202014331575108, 1.0], 'rightPupilRadius': 1.95546, 'ballInitialVel_XYZ': [2.7465075136971393, 8.880395262212915, -10.526315789473685], 'cycEyeOnScreen_XY': [82.2534, 702.339], 'leftPupilPos_XYZ': [0.0, 0.0, 0.0], 'ballVel_XYZ': [2.746507406234741, 8.096579551696777, -10.526315689086914], 'postBlankDur': 0.4, 'rightEyeLensDistance': 26.5553, 'isCalibratedSMIQ': False, 'ballMat_4x4': [1.0, 0.0, -0.0, 0.0, 0.0, 1.0, -0.0, 0.0, -0.0, -0.0, 1.0, 0.0, -5.005002498626709, 2.8535914421081543, 19.158058166503906, 1.0], 'IPD': 35.6699, 'paddlePos_XYZ': [-0.22725826501846313, 1.3232824802398682, 0.09781333804130554], 'frameTime': 47.8951167069424, 'cycMat_4x4': [0.9999783635139465, 0.006569875869899988, 0.00036622449988499284, 0.0, -0.006562403868883848, 0.9998232126235962, -0.01761949248611927, 0.0, -0.00048191763926297426, 0.01761670783162117, 0.9998446702957153, 0.0, -0.9131174683570862, 1.5829378366470337, -0.23930735886096954, 1.0], 'rightEyeBasePoint_XYZ': [-33.4138, -0.00911642, -26.1243], 'leftPupilRadius': 0.0, 'leftEyeNodeInHead_XYZ': [-0.029999999329447746, 0.0, 0.0], 'leftGazeNodeInWorld_XYZ': [-1.649787425994873, 1.1256903409957886, 0.25239989161491394], 'leftEyeNodeInWorld_XYZ': [-0.9422593116760254, 1.5837825536727905, -0.23988091945648193]}
{'viewQuat_XYZW': [-0.011874676682054996, -7.326059130718932e-05, 0.0022498094476759434, 0.9999269843101501], 'ballTTC': 1.9, 'rightEyeInHead_XYZ': [0.169295, 0.0493683, 0.984091], 'rightEyeMat_4x4': [0.9999971985816956, 0.0023441046942025423, -0.0003979296889156103, 0.0, -0.002354987896978855, 0.9995471239089966, -0.030000802129507065, 0.0, 0.0003274244663771242, 0.030001655220985413, 0.9995498061180115, 0.0, -0.8814696669578552, 1.5848968029022217, -0.2404177486896515, 1.0], 'leftEyeMat_4x4': [0.9999971985816956, 0.0023441046942025423, -0.0003979296889156103, 0.0, -0.002354987896978855, 0.9995471239089966, -0.030000802129507065, 0.0, 0.0003274244663771242, 0.030001655220985413, 0.9995498061180115, 0.0, -0.9414694905281067, 1.5847561359405518, -0.24039387702941895, 1.0], 'leftEyeLensDistance': 24.1352, 'paddleMat_4x4': [-0.41347965598106384, 0.9035454988479614, -0.1124279648065567, 0.0, -0.6922265887260437, -0.39215970039367676, -0.6058326363563538, 0.0, -0.5914870500564575, -0.17267383635044098, 0.78760826587677, 0.0, -0.22605541348457336, 1.3267134428024292, 0.09855960309505463, 1.0], 'paddleQuat_XYZW': [-0.2185587744423069, -0.24171868693618465, 0.8051781844319826, 0.4954717245362644], 'trialNumber': 0, 'trialType': 't8', 'leftEyeOnScreen_XY': [-982.505, 1016.66], 'inCalibrationQ': False, 'calibrationCounter': 0, 'ballInitialPos_XYZ': [-5.22467642755099, 2.1751887456644994, 20.0], 'cycEyeNodeInWorld_XYZ': [-0.9122596383094788, 1.5839176177978516, -0.23987813293933868], 'cycInverseMat_4x4': [0.9999898647501564, -0.004497550449921721, -0.00019994200956650356, 0.0, 0.004501030130213437, 0.9997078439792617, 0.02374728977578578, 0.0, 9.307896615896687e-05, -0.023747948978436663, 0.9997179958968335, 0.0, 0.9051434590172563, -1.5932544141382687, 0.202014336645442, 1.0], 'ballPos_XYZ': [-4.968357563018799, 2.9606573581695557, 19.017620086669922], 'isBallVisibleQ': True, 'rightEyeOnScreen_XY': [809.25, 523.719], 'cycGazeNodeInWorld_XYZ': [-1.4655791521072388, 1.2329797744750977, 0.5140252709388733], 'cycEyeBasePoint_XYZ': [-1.93062, 1.70569, -24.5088], 'eyeTimeStamp': 58787686023L, 'rightEyeNodeInHead_XYZ': [0.029999999329447746, 0.0, 0.0], 'eventFlag': False, 'leftEyeInHead_XYZ': [0.710691, -0.546316, 0.399756], 'viewPos_XYZ': [-0.9122596383094788, 1.5839176177978516, -0.23987813293933868], 'IOD': 64.0196, 'rightGazeNodeInWorld_XYZ': [-1.0505582094192505, 1.6633702516555786, 0.7418164610862732], 'cycEyeInHead_XYZ': [0.555233, -0.373016, 0.743354], 'preBlankDur': 1.0, 'leftEyeScreenDistance': 72.8708, 'rightEyeInverseMat_4x4': [0.999997148235773, -0.0023549878020643227, 0.00032742443552451076, 0.0, 0.0023441045599785627, 0.9995470768844135, 0.0300016534223551, 0.0, -0.000397929694964295, -0.030000801874664283, 0.9995497847290198, 0.0, 0.8776563200300131, -1.5934675420635345, 0.1930485990650413, 1.0], 'viewMat_4x4': [0.9999898672103882, 0.0045010303147137165, 9.307896107202396e-05, 0.0, -0.004497550427913666, 0.9997078776359558, -0.023747948929667473, 0.0, -0.00019994200556539, 0.023747289553284645, 0.9997179508209229, 0.0, -0.9122596383094788, 1.5839176177978516, -0.23987813293933868, 1.0], 'rightEyeNodeInWorld_XYZ': [-0.8814696669578552, 1.5848968029022217, -0.2404177486896515], 'ballFinalPos_XYZ': [-0.006312151526425749, 1.3589397438690378, 0.0], 'rightPupilPos_XYZ': [-31.6482, 0.388283, -16.1981], 'rightEyeScreenDistance': 75.1858, 'blockNumber': 0, 'calibrationPos_XYZ': [nan, nan, nan], 'leftEyeBasePoint_XYZ': [30.5207, 2.19839, -23.8587], 'blankDur': 0.5, 'leftEyeInverseMat_4x4': [0.999997148235773, -0.0023549878020643227, 0.00032742443552451076, 0.0, 0.0023441045599785627, 0.9995470768844135, 0.0300016534223551, 0.0, -0.000397929694964295, -0.030000801874664283, 0.9995497847290198, 0.0, 0.9376563117322229, -1.593467521496868, 0.1930486038019908, 1.0], 'rightPupilRadius': 1.93067, 'ballInitialVel_XYZ': [2.7465075136971393, 8.880395262212915, -10.526315789473685], 'cycEyeOnScreen_XY': [-86.6276, 770.191], 'leftPupilPos_XYZ': [0.0, 0.0, 0.0], 'ballVel_XYZ': [2.746507406234741, 7.965829372406006, -10.526315689086914], 'postBlankDur': 0.4, 'rightEyeLensDistance': 26.5493, 'isCalibratedSMIQ': False, 'ballMat_4x4': [1.0, 0.0, -0.0, 0.0, 0.0, 1.0, -0.0, 0.0, -0.0, -0.0, 1.0, 0.0, -4.968357563018799, 2.9606573581695557, 19.017620086669922, 1.0], 'IPD': 35.5547, 'paddlePos_XYZ': [-0.22605541348457336, 1.3267134428024292, 0.09855960309505463], 'frameTime': 47.90845878335555, 'cycMat_4x4': [0.9999898672103882, 0.0045010303147137165, 9.307896107202396e-05, 0.0, -0.004497550427913666, 0.9997078776359558, -0.023747948929667473, 0.0, -0.00019994200556539, 0.023747289553284645, 0.9997179508209229, 0.0, -0.9122596383094788, 1.5839176177978516, -0.23987813293933868, 1.0], 'rightEyeBasePoint_XYZ': [-33.4154, -0.0038246, -26.1187], 'leftPupilRadius': 0.0, 'leftEyeNodeInHead_XYZ': [-0.029999999329447746, 0.0, 0.0], 'leftGazeNodeInWorld_XYZ': [-1.6507409811019897, 1.049014925956726, 0.17585489153862], 'leftEyeNodeInWorld_XYZ': [-0.9414694905281067, 1.5847561359405518, -0.24039387702941895]}
